Total tokens with passing features: 3145
Total passing features: 5349

Token                | #Features | Feature IDs
----------------------------------------------
the                  |       151 | 56, 99, 727, 1059, 1467, 1656, 1982, 2001, 2340, 2424, 2460, 3065, 3113, 3422, 3570, 4100, 4148, 4302, 4644, 4773, 4921, 5881, 6391, 6815, 6859, 6949, 8222, 8269, 8534, 8634, 8749, 8970, 9332, 10385, 10544, 10975, 11614, 12385, 12445, 12688, 13027, 13109, 13859, 13909, 14128, 15016, 15184, 15192, 15347, 15703, 15874, 17662, 17765, 17881, 18219, 19614, 20658, 21223, 22370, 23030, 23234, 24284, 24508, 24619, 25538, 25607, 26288, 26414, 26527, 27424, 27452, 28191, 28357, 28757, 28775, 28914, 29641, 29921, 30690, 32046, 32068, 32298, 32600, 32739, 33624, 35661, 36375, 36590, 36600, 37005, 37177, 37289, 37589, 37863, 38030, 38575, 38839, 39487, 39888, 40140, 40229, 40563, 40896, 41157, 42415, 42554, 43628, 43924, 44172, 44210, 44735, 45320, 45568, 46189, 46640, 47829, 47950, 48590, 48650, 49675, 50079, 50184, 51053, 51111, 51148, 51766, 52122, 53607, 53704, 53937, 56855, 57063, 57451, 57872, 57896, 57964, 58060, 58642, 59210, 59282, 59449, 60075, 60488, 60801, 61574, 61793, 61916, 61940, 62131, 62641, 63760
of                   |       141 | 182, 522, 1464, 1915, 2255, 2542, 2695, 2730, 3209, 4215, 4240, 4378, 4901, 5902, 6586, 6879, 7427, 7457, 8396, 8999, 9051, 9071, 9372, 11316, 11535, 12098, 12537, 13161, 13164, 13451, 13477, 13680, 13815, 13895, 15173, 15339, 15713, 17167, 17446, 17750, 18507, 19329, 20183, 20858, 21371, 21638, 21782, 21834, 22020, 23779, 23834, 24319, 25350, 25676, 26338, 27245, 27632, 28009, 28611, 30454, 30593, 30886, 31343, 32006, 32165, 33461, 33750, 33992, 34535, 34695, 35295, 35498, 35671, 35690, 36316, 36466, 36488, 37213, 37782, 38487, 38659, 39879, 39971, 40261, 40415, 41100, 42116, 42188, 42496, 42502, 42743, 43154, 43157, 43360, 43534, 43574, 43953, 44703, 45398, 45712, 46352, 46395, 46463, 46527, 47343, 48932, 49844, 50058, 51893, 53656, 54231, 54478, 54626, 54876, 54999, 55142, 55491, 55692, 57212, 57770, 57783, 58918, 59260, 60111, 60276, 60410, 61199, 61429, 61571, 61698, 61875, 61921, 62365, 62610, 62921, 63409, 63928, 64160, 64345, 64828, 64996
to                   |       117 | 295, 492, 674, 997, 2042, 2777, 4095, 4331, 4776, 5944, 7562, 7695, 7855, 8588, 8701, 8845, 9061, 9870, 9942, 10574, 12718, 13156, 13984, 14788, 16360, 16407, 17391, 17481, 18577, 19154, 19335, 19349, 20851, 21548, 22609, 22742, 23490, 23640, 24118, 24448, 24784, 24841, 26125, 26847, 27052, 27302, 27873, 28165, 28542, 28714, 29084, 29216, 29727, 30172, 31380, 31539, 31603, 31638, 32916, 33248, 33417, 34227, 35318, 35850, 35880, 36706, 36717, 37798, 38454, 38482, 39289, 39500, 39837, 40663, 40886, 42862, 43239, 43381, 43661, 44087, 44255, 45204, 45286, 45319, 45564, 46087, 46399, 47060, 47179, 48259, 48974, 49057, 49416, 49533, 50376, 50499, 51121, 51799, 52853, 54152, 54377, 54962, 55954, 56407, 57465, 59293, 59482, 60419, 61103, 62223, 62657, 63221, 63590, 64471, 64892, 65400, 65419
and                  |        96 | 1137, 3137, 3662, 5516, 5899, 6405, 6755, 6970, 7437, 8407, 8462, 10680, 11559, 11922, 13794, 14393, 15664, 15761, 15983, 16055, 16183, 16356, 17694, 18698, 19126, 19131, 19170, 19274, 20293, 20980, 21479, 21663, 21790, 22259, 22776, 23424, 23479, 24149, 24666, 25306, 25741, 26186, 26286, 29632, 30310, 30403, 31272, 31665, 32371, 35154, 37275, 37775, 38214, 38678, 38815, 39456, 40279, 40968, 42120, 42375, 43388, 43392, 44720, 46631, 47765, 49226, 50931, 51200, 51252, 51548, 53131, 53588, 54284, 54557, 54598, 54694, 54937, 55327, 55975, 56091, 56401, 58196, 58287, 58702, 60189, 60398, 60816, 61161, 61470, 61963, 62014, 62892, 63092, 64069, 65222, 65411
in                   |        55 | 664, 819, 3402, 3586, 5617, 5773, 7593, 9329, 9954, 13906, 15391, 16583, 17851, 18586, 20745, 21077, 24216, 24248, 24524, 25485, 27015, 27069, 28681, 28908, 29725, 32501, 32688, 32690, 33041, 33217, 34934, 35363, 36513, 36692, 38332, 39012, 40423, 40938, 41384, 45207, 46246, 48728, 49433, 50817, 52849, 55528, 56711, 56824, 58145, 58272, 58947, 60753, 61443, 62094, 63724
a                    |        42 | 459, 3572, 4439, 4985, 5719, 7099, 7449, 9218, 10256, 10617, 10947, 11141, 18594, 18675, 22660, 27277, 27871, 28777, 28961, 29012, 29515, 30903, 31411, 31490, 33097, 34345, 36107, 40713, 40838, 41680, 44880, 46464, 46563, 50562, 50593, 51523, 54263, 58222, 58424, 59418, 60068, 64638
if                   |        41 | 4043, 4933, 6251, 8559, 9624, 15019, 15092, 17771, 17942, 17999, 18665, 20126, 20911, 21108, 21484, 21609, 21791, 25919, 26639, 27682, 28290, 31480, 32967, 33427, 39698, 40272, 43769, 44892, 45601, 45827, 46178, 49407, 51947, 52027, 52550, 54414, 55042, 58507, 59753, 64157, 64564
for                  |        39 | 1267, 3476, 4749, 5581, 6043, 7156, 9314, 10224, 13091, 13278, 13453, 13863, 15584, 17758, 19699, 22988, 23098, 25824, 25918, 28077, 34244, 34348, 36133, 37997, 39274, 41758, 42287, 44608, 44864, 45435, 46794, 47162, 49532, 52182, 52772, 53194, 62287, 62706, 64142
with                 |        30 | 988, 1763, 3269, 4256, 14493, 14680, 14919, 16105, 19791, 24114, 24453, 25508, 29473, 30829, 33667, 36235, 36677, 37991, 38934, 43871, 49894, 51325, 52115, 55927, 56535, 60230, 60628, 61264, 61600, 63205
s                    |        28 | 2707, 3969, 11291, 11480, 18286, 18473, 23084, 23245, 25209, 29902, 32638, 33396, 34211, 34541, 35896, 36324, 45227, 46412, 46747, 48233, 51716, 52586, 57117, 57630, 59162, 60334, 60687, 62150
that                 |        26 | 1705, 5335, 5964, 10042, 11333, 12081, 15938, 17379, 17986, 18119, 31175, 33107, 35649, 36605, 37823, 43866, 46908, 49951, 54175, 55936, 57070, 58771, 60019, 60108, 62563, 62907
return               |        26 | 2840, 4396, 5132, 9439, 12080, 12720, 18973, 21464, 21647, 27303, 30115, 32272, 32843, 33075, 37587, 43099, 44707, 45340, 49201, 49895, 57622, 58418, 61967, 62384, 63430, 65378
this                 |        24 | 582, 4383, 6352, 13923, 15221, 19161, 19523, 20085, 20744, 21903, 25356, 30367, 32189, 32900, 33157, 37509, 40074, 43765, 44112, 50896, 55827, 56907, 59677, 62722
as                   |        23 | 1676, 5756, 6166, 10565, 10872, 15550, 17394, 18515, 21205, 23359, 26943, 27216, 29968, 30343, 30515, 40064, 43230, 48137, 49659, 53891, 58338, 63331, 63729
on                   |        23 | 3363, 3463, 5371, 6552, 6919, 8731, 17961, 20961, 21402, 22347, 22504, 22722, 28245, 38333, 45772, 46276, 49437, 50904, 60614, 61974, 64020, 64468, 64585
from                 |        21 | 72, 3499, 7579, 7652, 7838, 20308, 21267, 22934, 26941, 29660, 31769, 34256, 35936, 36525, 37403, 38289, 42237, 55263, 55552, 58281, 59407
i                    |        19 | 5520, 7070, 7216, 12581, 16599, 20534, 23528, 28431, 31183, 39512, 41744, 42393, 43555, 48594, 50989, 59435, 61591, 61817, 63350
by                   |        19 | 8527, 9464, 10083, 10693, 16958, 22680, 23539, 25243, 27706, 28365, 29894, 31570, 43511, 44108, 49752, 56582, 57638, 61865, 64713
is                   |        18 | 2, 872, 3840, 11473, 12237, 17249, 24251, 28871, 33207, 36052, 36612, 38203, 43137, 44380, 51874, 56427, 58357, 63693
new                  |        18 | 2131, 2307, 8568, 12928, 12978, 17146, 17216, 23609, 24021, 25148, 26574, 29571, 33235, 37190, 41583, 47141, 51389, 52143
it                   |        18 | 3394, 5262, 9507, 10168, 11453, 13259, 16862, 20299, 29034, 29827, 39956, 42746, 44348, 53144, 56512, 60882, 62089, 63859
or                   |        18 | 3817, 12800, 18475, 18767, 21318, 24317, 25097, 26061, 28587, 31248, 37835, 38067, 39179, 42012, 58082, 60582, 61455, 62818
more                 |        16 | 9024, 9797, 10578, 13510, 19770, 20282, 20776, 23647, 24074, 24724, 27244, 35662, 50142, 52609, 55286, 60243
but                  |        15 | 6495, 9473, 11880, 14547, 14550, 16034, 20579, 20880, 24624, 33786, 36075, 45370, 45685, 56876, 61670
all                  |        14 | 3273, 10060, 27348, 28696, 30144, 36885, 37756, 45729, 46238, 49629, 56340, 58332, 59758, 60947
public               |        14 | 5611, 8061, 11555, 16452, 17726, 37037, 47688, 50553, 52090, 55876, 57183, 60264, 60602, 65107
so                   |        13 | 22, 2144, 4797, 14247, 20060, 24577, 30071, 32334, 32574, 35867, 50535, 52696, 62663
also                 |        13 | 1142, 9860, 13904, 14961, 18880, 21705, 25898, 29073, 31612, 38727, 54214, 54303, 57658
not                  |        13 | 3770, 3797, 11345, 15318, 16270, 17852, 33958, 40397, 40950, 45868, 60880, 63538, 64114
class                |        12 | 120, 360, 17830, 23551, 23946, 28190, 30030, 46013, 48922, 54619, 58910, 64859
time                 |        12 | 1486, 10066, 13484, 22329, 26383, 28017, 42500, 43979, 51387, 56038, 57491, 60237
t                    |        12 | 2825, 2920, 6778, 16999, 25040, 47154, 48754, 50993, 54010, 55978, 59837, 65204
get                  |        12 | 5765, 13736, 30904, 36545, 42203, 44477, 45468, 46366, 47107, 48331, 52125, 64857
you                  |        12 | 6018, 19630, 27066, 27267, 41334, 41653, 42075, 44504, 52558, 52780, 55648, 65524
like                 |        11 | 1860, 11015, 12219, 19550, 29548, 36627, 43296, 45011, 45087, 45516, 49888
at                   |        11 | 7414, 22232, 33714, 37155, 39003, 39047, 40482, 40688, 48270, 49233, 57974
up                   |        11 | 13597, 15829, 26485, 31657, 32759, 39110, 47304, 55997, 59604, 63498, 64886
one                  |        10 | 37, 9521, 9755, 9978, 19834, 46039, 46556, 58376, 59490, 61570
id                   |        10 | 551, 1418, 4482, 8115, 11005, 35118, 42169, 49939, 53107, 64312
d                    |        10 | 1204, 14031, 18819, 19193, 29483, 31422, 49080, 49727, 53556, 59116
aligned              |        10 | 2852, 3473, 3671, 9287, 13058, 21969, 22614, 38829, 53436, 60803
out                  |        10 | 3567, 15810, 20694, 27175, 36778, 39920, 54306, 59202, 60700, 63144
be                   |        10 | 6048, 10554, 13523, 14503, 25629, 26393, 32576, 37322, 62577, 62825
which                |        10 | 12545, 22961, 25635, 29533, 30018, 31383, 53621, 59157, 60346, 64192
than                 |         9 | 1898, 12376, 19249, 21269, 21463, 21833, 33055, 37786, 64734
x                    |         9 | 2036, 21386, 23445, 33484, 37010, 47244, 52492, 54906, 59029
else                 |         9 | 3769, 12974, 21009, 27504, 36321, 44872, 53373, 55625, 58889
autorest             |         9 | 4326, 5056, 7870, 10179, 11464, 18966, 19416, 22544, 57136
then                 |         9 | 6243, 7171, 14366, 23897, 31832, 39156, 40717, 41761, 51851
first                |         9 | 6305, 8594, 31409, 35147, 35641, 38717, 48415, 52778, 59704
have                 |         9 | 9105, 9980, 13310, 20339, 37703, 47264, 50648, 62043, 62646
string               |         9 | 14520, 40485, 48881, 52751, 53604, 56904, 57628, 61038, 64501
static               |         9 | 22114, 22908, 32297, 32562, 38168, 44251, 55125, 58064, 65131
import               |         8 | 2369, 7541, 16647, 21799, 41471, 41770, 57078, 57107
what                 |         8 | 4493, 4744, 5510, 15625, 24885, 36908, 47348, 50683
p                    |         8 | 6736, 13991, 14343, 14890, 29472, 54650, 54990, 63884
other                |         8 | 7615, 22264, 22410, 44518, 53459, 55059, 61547, 64503
do                   |         8 | 8846, 18403, 23643, 24837, 28137, 33681, 49897, 55173
only                 |         8 | 9486, 17748, 22405, 27809, 37538, 38790, 38810, 61919
function             |         8 | 21887, 33375, 39576, 41391, 43701, 49751, 52129, 52283
see                  |         7 | 431, 9678, 24668, 33135, 38424, 47507, 61059
type                 |         7 | 817, 13695, 16372, 51832, 52762, 55017, 61652
can                  |         7 | 1443, 29598, 35670, 41095, 48409, 51871, 64956
over                 |         7 | 2912, 2957, 11651, 25786, 32667, 37443, 46022
now                  |         7 | 3170, 11791, 15740, 35395, 41897, 49760, 64021
m                    |         7 | 3605, 4230, 13802, 14937, 29319, 41281, 42727
about                |         7 | 5260, 23741, 35814, 45360, 46703, 48767, 55987
right                |         7 | 9137, 14561, 35269, 36588, 38200, 38642, 58567
http                 |         7 | 10631, 38053, 43138, 45059, 46836, 51884, 65027
true                 |         7 | 18116, 19435, 28653, 29948, 44993, 46579, 59933
just                 |         7 | 21721, 25191, 36971, 39580, 51742, 54872, 56326
private              |         6 | 569, 7735, 19415, 56308, 56840, 63179
even                 |         6 | 606, 9310, 25458, 28690, 41626, 48285
where                |         6 | 2041, 2858, 7723, 23435, 30588, 62080
such                 |         6 | 2364, 13796, 14194, 32812, 55616, 63932
case                 |         6 | 3478, 9111, 27707, 27876, 33172, 62202
al                   |         6 | 4409, 20853, 23767, 26756, 37689, 59294
journal              |         6 | 5928, 14599, 21477, 24550, 32450, 36063
here                 |         6 | 6292, 21537, 23711, 29980, 61841, 63433
no                   |         6 | 7820, 23185, 45502, 54603, 58375, 61523
we                   |         6 | 8364, 19285, 43229, 43372, 61959, 65301
before               |         6 | 10115, 17981, 36654, 42605, 43215, 64959
void                 |         6 | 12158, 19650, 33874, 44438, 51359, 65377
e                    |         6 | 14683, 23732, 39759, 42777, 45069, 58668
label                |         6 | 18723, 26820, 28574, 29516, 34870, 54064
int                  |         6 | 33302, 50533, 50885, 53890, 59917, 64029
any                  |         6 | 38854, 44076, 47510, 53147, 56973, 65467
text                 |         5 | 287, 1489, 11303, 31716, 56756
include              |         5 | 717, 5697, 37885, 53982, 63669
way                  |         5 | 1279, 9778, 28879, 30684, 32587
per                  |         5 | 1998, 22586, 31685, 49365, 53187
through              |         5 | 2268, 2429, 7363, 44724, 64652
value                |         5 | 2435, 7804, 20967, 46924, 57806
after                |         5 | 3066, 5005, 7544, 53379, 63018
final                |         5 | 3497, 17222, 35646, 39613, 57298
n                    |         5 | 3602, 4334, 19202, 29813, 42532
width                |         5 | 6480, 11972, 12190, 40988, 51859
same                 |         5 | 6792, 7204, 22816, 38653, 51682
li                   |         5 | 7948, 24915, 37947, 38688, 41412
use                  |         5 | 8356, 14456, 25409, 34901, 53692
who                  |         5 | 9060, 13373, 20266, 36359, 63320
version              |         5 | 12293, 14206, 24868, 35723, 49173
protobuf             |         5 | 12601, 13031, 27268, 39125, 60136
self                 |         5 | 13213, 27843, 38689, 44355, 61071
each                 |         5 | 14574, 24276, 44198, 46210, 56090
well                 |         5 | 14668, 17952, 28437, 40770, 63321
var                  |         5 | 17580, 45004, 48805, 52007, 62513
know                 |         5 | 20216, 21883, 49086, 49936, 53686
name                 |         5 | 21370, 26803, 33179, 50086, 53634
div                  |         5 | 21613, 23131, 29203, 41506, 53309
en                   |         5 | 27495, 27800, 46782, 53238, 53949
found                |         4 | 69, 16899, 27259, 64771
com                  |         4 | 466, 18494, 39471, 59242
our                  |         4 | 1396, 24373, 27520, 60051
param                |         4 | 1827, 15038, 45130, 50920
room                 |         4 | 2471, 20515, 27927, 28213
while                |         4 | 2492, 41846, 59141, 64254
into                 |         4 | 3882, 24830, 36823, 52680
null                 |         4 | 4174, 16135, 54011, 57344
my                   |         4 | 4305, 46437, 58569, 59582
sure                 |         4 | 4903, 35822, 44500, 46903
color                |         4 | 5343, 10364, 51262, 62166
little               |         4 | 7013, 21783, 21928, 27592
help                 |         4 | 7218, 30494, 56992, 59184
there                |         4 | 8261, 37201, 54464, 61541
think                |         4 | 12005, 32564, 56245, 61262
us                   |         4 | 12051, 40586, 42622, 48531
possible             |         4 | 12864, 22220, 50618, 53393
need                 |         4 | 12891, 33460, 55724, 55977
since                |         4 | 13807, 16938, 20705, 51791
www                  |         4 | 14005, 22021, 45031, 64777
home                 |         4 | 14718, 33169, 43651, 45358
context              |         4 | 16497, 27832, 50608, 59533
c                    |         4 | 16566, 17614, 27054, 38354
set                  |         4 | 17326, 20286, 26999, 28427
v                    |         4 | 18006, 37698, 42999, 53019
list                 |         4 | 18700, 26430, 32287, 65228
number               |         4 | 18853, 28719, 47540, 61733
will                 |         4 | 24027, 38730, 47800, 60089
when                 |         4 | 26835, 49804, 64016, 64514
some                 |         4 | 27713, 31292, 41714, 44457
being                |         4 | 28863, 32263, 36065, 43136
part                 |         4 | 31163, 58926, 61445, 62004
state                |         4 | 35490, 47335, 47460, 64135
between              |         4 | 36693, 43412, 53155, 58423
left                 |         4 | 36955, 38708, 41536, 51461
much                 |         4 | 42636, 43031, 47658, 53177
two                  |         3 | 282, 6257, 12704
most                 |         3 | 411, 9319, 33883
r                    |         3 | 581, 24586, 52167
href                 |         3 | 642, 5800, 13779
let                  |         3 | 1129, 36746, 45920
make                 |         3 | 1314, 27358, 46373
party                |         3 | 1440, 20608, 48235
later                |         3 | 1494, 2548, 49655
top                  |         3 | 1699, 10997, 20689
times                |         3 | 1996, 19366, 30427
called               |         3 | 2037, 32694, 40807
result               |         3 | 2246, 37108, 62379
find                 |         3 | 2355, 37793, 48647
are                  |         3 | 2585, 17047, 44483
height               |         3 | 2645, 5432, 43706
add                  |         3 | 3167, 56405, 59375
still                |         3 | 3771, 23432, 51710
prime                |         3 | 4478, 25379, 36204
fig                  |         3 | 5064, 7607, 13077
vector               |         3 | 5075, 7511, 18127
has                  |         3 | 5256, 33755, 47033
old                  |         3 | 5564, 31895, 47665
git                  |         3 | 6053, 22572, 58169
year                 |         3 | 6127, 15228, 16186
re                   |         3 | 6189, 31139, 43300
err                  |         3 | 6443, 7092, 26754
content              |         3 | 6865, 24686, 51982
h                    |         3 | 7491, 30875, 49462
api                  |         3 | 7811, 15385, 56184
body                 |         3 | 8011, 58219, 63549
u                    |         3 | 8114, 11033, 52936
sp                   |         3 | 8337, 10420, 30850
her                  |         3 | 8998, 30770, 49432
something            |         3 | 9026, 15888, 59681
ern                  |         3 | 9252, 13493, 44211
ch                   |         3 | 9701, 12917, 18210
though               |         3 | 10031, 42744, 49861
none                 |         3 | 10162, 26566, 34240
script               |         3 | 10184, 13804, 21975
term                 |         3 | 10318, 33662, 58168
following            |         3 | 10928, 23284, 38712
data                 |         3 | 11483, 27433, 64742
package              |         3 | 11534, 23274, 40789
group                |         3 | 11744, 19055, 21709
exception            |         3 | 11890, 17958, 18982
style                |         3 | 11898, 24554, 35073
many                 |         3 | 12753, 32461, 49763
however              |         3 | 13257, 56570, 65037
different            |         3 | 13322, 42919, 44527
point                |         3 | 13456, 19049, 24681
world                |         3 | 13530, 44121, 44603
url                  |         3 | 14037, 22793, 39744
health               |         3 | 14580, 44416, 64485
title                |         3 | 15276, 33687, 63173
blocklist            |         3 | 15621, 36807, 43489
high                 |         3 | 16014, 39568, 43105
partial              |         3 | 16348, 38874, 40108
st                   |         3 | 16571, 36148, 58612
until                |         3 | 16825, 36084, 36996
next                 |         3 | 16890, 20445, 58263
g                    |         3 | 16966, 54419, 55380
years                |         3 | 18451, 29477, 45238
too                  |         3 | 18485, 22535, 47974
free                 |         3 | 18697, 38940, 40247
html                 |         3 | 18922, 26518, 58472
false                |         3 | 18944, 31481, 37064
said                 |         3 | 18977, 40426, 49058
day                  |         3 | 19138, 35052, 50306
half                 |         3 | 20185, 50210, 64722
table                |         3 | 20845, 34470, 60516
doc                  |         3 | 22194, 42125, 58574
may                  |         3 | 22771, 29072, 55722
place                |         3 | 22835, 42990, 45147
own                  |         3 | 22839, 37203, 61382
ul                   |         3 | 23345, 36932, 51181
was                  |         3 | 23695, 47547, 52837
feel                 |         3 | 24079, 42808, 60987
system               |         3 | 24539, 25321, 60891
based                |         3 | 24571, 37892, 42101
end                  |         3 | 24869, 25796, 34075
k                    |         3 | 25100, 39918, 61799
because              |         3 | 25567, 54204, 59160
total                |         3 | 25620, 40102, 60664
main                 |         3 | 26492, 30047, 44169
far                  |         3 | 27051, 36708, 53821
read                 |         3 | 27373, 39049, 44553
try                  |         3 | 28026, 34500, 35585
good                 |         3 | 28274, 31690, 48626
b                    |         3 | 28918, 41366, 50848
un                   |         3 | 29514, 32957, 44358
core                 |         3 | 30358, 41304, 46670
l                    |         3 | 30967, 44154, 59570
university           |         3 | 32324, 43817, 56626
otherwise            |         3 | 32658, 38178, 63690
rights               |         3 | 32818, 41651, 60430
section              |         3 | 33691, 57932, 63961
change               |         3 | 35229, 50906, 51506
view                 |         3 | 40418, 44574, 57814
request              |         3 | 40742, 48427, 54285
message              |         3 | 41028, 52327, 54963
back                 |         3 | 44952, 52186, 62281
object               |         3 | 45800, 51406, 59916
log                  |         3 | 48762, 53367, 54803
tr                   |         3 | 56212, 59057, 61193
co                   |         3 | 56995, 62695, 62702
site                 |         2 | 245, 51905
yet                  |         2 | 249, 33430
ant                  |         2 | 387, 60028
under                |         2 | 659, 36876
press                |         2 | 728, 64049
very                 |         2 | 1051, 16228
head                 |         2 | 1063, 14873
big                  |         2 | 1131, 13939
success              |         2 | 1269, 40079
experience           |         2 | 1669, 8474
put                  |         2 | 1784, 40073
team                 |         2 | 1919, 18673
inequality           |         2 | 2130, 61517
properties           |         2 | 2160, 3668
word                 |         2 | 2348, 41470
python               |         2 | 2528, 46145
cap                  |         2 | 2543, 58283
js                   |         2 | 2615, 19579
open                 |         2 | 2770, 15981
car                  |         2 | 2886, 58095
key                  |         2 | 2893, 57559
pseudo               |         2 | 2948, 30779
full                 |         2 | 3015, 41859
capital              |         2 | 3046, 49807
family               |         2 | 3368, 65311
done                 |         2 | 3382, 42533
age                  |         2 | 3443, 60314
mc                   |         2 | 3483, 36771
mean                 |         2 | 3898, 42936
mm                   |         2 | 4058, 10990
house                |         2 | 4149, 16888
am                   |         2 | 4497, 37766
images               |         2 | 4646, 8617
hat                  |         2 | 4648, 21712
select               |         2 | 4678, 51779
hope                 |         2 | 4791, 61406
apache               |         2 | 4818, 17011
were                 |         2 | 4825, 41474
lambda               |         2 | 5306, 35468
des                  |         2 | 5434, 10357
how                  |         2 | 5682, 30831
px                   |         2 | 5683, 52088
ref                  |         2 | 5930, 9313
basis                |         2 | 5946, 22427
match                |         2 | 6241, 26700
those                |         2 | 6545, 39418
de                   |         2 | 6628, 55974
shrimp               |         2 | 6907, 43926
court                |         2 | 6972, 7534
const                |         2 | 7071, 23778
likely               |         2 | 7230, 52511
q                    |         2 | 7436, 31924
normal               |         2 | 7616, 33717
file                 |         2 | 7665, 24142
ui                   |         2 | 7799, 45896
act                  |         2 | 7958, 34193
ac                   |         2 | 7971, 33639
should               |         2 | 8055, 49415
ns                   |         2 | 8154, 57550
def                  |         2 | 8649, 20356
update               |         2 | 8762, 9468
default              |         2 | 8863, 20603
jacob                |         2 | 9043, 28625
worth                |         2 | 9058, 14960
eu                   |         2 | 9144, 49323
his                  |         2 | 9340, 15067
great                |         2 | 9423, 60265
once                 |         2 | 9565, 45781
utils                |         2 | 9719, 20087
cross                |         2 | 9752, 15187
future               |         2 | 9785, 29901
mo                   |         2 | 9931, 51154
ngx                  |         2 | 10170, 23957
sigma                |         2 | 10181, 39575
process              |         2 | 10196, 63426
both                 |         2 | 10203, 56911
char                 |         2 | 10286, 13191
important            |         2 | 10429, 58847
show                 |         2 | 10483, 51340
visit                |         2 | 10491, 50863
page                 |         2 | 10501, 11915
post                 |         2 | 10523, 61285
o                    |         2 | 10540, 62311
order                |         2 | 10604, 23035
pl                   |         2 | 10722, 53285
often                |         2 | 10751, 43266
introduction         |         2 | 10881, 16727
hi                   |         2 | 10988, 48602
say                  |         2 | 11352, 45219
national             |         2 | 11471, 63492
init                 |         2 | 11847, 58561
items                |         2 | 12021, 25579
break                |         2 | 12100, 12424
net                  |         2 | 12127, 47568
io                   |         2 | 12153, 20992
better               |         2 | 12299, 35347
yang                 |         2 | 12307, 63189
discussion           |         2 | 12440, 17344
look                 |         2 | 12522, 17235
proof                |         2 | 12540, 18607
ep                   |         2 | 12611, 42942
baseball             |         2 | 13005, 60743
display              |         2 | 13125, 58646
extends              |         2 | 13195, 52628
info                 |         2 | 13197, 50534
size                 |         2 | 13634, 46260
etc                  |         2 | 13822, 31608
love                 |         2 | 14270, 43175
append               |         2 | 14495, 58365
photo                |         2 | 14656, 49402
results              |         2 | 14918, 17356
load                 |         2 | 14924, 43584
phi                  |         2 | 15043, 65081
mar                  |         2 | 15069, 18877
points               |         2 | 15079, 64221
service              |         2 | 15165, 16000
support              |         2 | 15214, 18128
hand                 |         2 | 15750, 24673
f                    |         2 | 15787, 31266
ab                   |         2 | 15879, 35435
cm                   |         2 | 15973, 53332
question             |         2 | 16523, 18334
nothing              |         2 | 16600, 23531
school               |         2 | 16751, 26712
image                |         2 | 16914, 52452
ml                   |         2 | 17144, 28186
db                   |         2 | 17192, 63388
sur                  |         2 | 17237, 45386
really               |         2 | 17325, 46128
note                 |         2 | 17403, 57039
global               |         2 | 17608, 46956
func                 |         2 | 17632, 49581
progressive          |         2 | 17804, 40989
had                  |         2 | 17914, 23637
boolean              |         2 | 17946, 31830
ar                   |         2 | 17983, 35369
sql                  |         2 | 18093, 29415
me                   |         2 | 18268, 28113
near                 |         2 | 18336, 50033
its                  |         2 | 18375, 21128
action               |         2 | 18439, 53416
air                  |         2 | 18474, 59275
arena                |         2 | 18593, 25096
close                |         2 | 18605, 27803
course               |         2 | 18627, 63422
city                 |         2 | 18992, 47503
omega                |         2 | 19078, 64707
ra                   |         2 | 19214, 38517
edit                 |         2 | 19448, 40521
laura                |         2 | 19484, 24030
tyler                |         2 | 19500, 55371
override             |         2 | 19704, 64601
ga                   |         2 | 20023, 34899
std                  |         2 | 20196, 44961
must                 |         2 | 20232, 46900
area                 |         2 | 20554, 22760
sort                 |         2 | 20594, 27766
copyright            |         2 | 20595, 23469
str                  |         2 | 20610, 53932
lt                   |         2 | 20618, 49925
pm                   |         2 | 21271, 21896
county               |         2 | 21312, 42805
org                  |         2 | 21416, 33749
property             |         2 | 21639, 53530
been                 |         2 | 22003, 44652
background           |         2 | 22274, 27287
merchantability      |         2 | 22527, 23749
difference           |         2 | 22802, 26171
talk                 |         2 | 22808, 26275
dest                 |         2 | 22952, 29603
best                 |         2 | 23071, 61128
believe              |         2 | 23074, 36171
sm                   |         2 | 23077, 28739
web                  |         2 | 23353, 45124
people               |         2 | 23441, 56073
oh                   |         2 | 23454, 38084
internal             |         2 | 23686, 57012
ensuremath           |         2 | 23818, 58318
mit                  |         2 | 23878, 38273
lot                  |         2 | 23902, 43297
red                  |         2 | 24185, 57041
ka                   |         2 | 24365, 34283
related              |         2 | 24526, 42425
children             |         2 | 24736, 36098
namespace            |         2 | 24741, 64152
terms                |         2 | 24949, 30086
below                |         2 | 25081, 25894
search               |         2 | 25348, 32201
margin               |         2 | 25419, 47899
catch                |         2 | 25915, 34671
pr                   |         2 | 26077, 54412
double               |         2 | 26093, 44600
phys                 |         2 | 26591, 52039
common               |         2 | 26865, 38365
mr                   |         2 | 26967, 44345
source               |         2 | 27211, 35043
ba                   |         2 | 27502, 45539
dev                  |         2 | 27533, 41251
check                |         2 | 27568, 57693
always               |         2 | 27799, 41204
rick                 |         2 | 28062, 60391
click                |         2 | 28519, 65165
around               |         2 | 28533, 64283
advantage            |         2 | 28743, 48815
pro                  |         2 | 28835, 36255
without              |         2 | 28854, 60192
et                   |         2 | 29310, 62662
res                  |         2 | 29482, 63639
witherror            |         2 | 29503, 55245
an                   |         2 | 29560, 55267
initwith             |         2 | 29581, 34320
bit                  |         2 | 29718, 55186
th                   |         2 | 29903, 50280
food                 |         2 | 30236, 38816
tree                 |         2 | 30337, 46384
scale                |         2 | 30516, 40696
water                |         2 | 31116, 39846
agreed               |         2 | 31182, 42866
above                |         2 | 31289, 39176
care                 |         2 | 31352, 59316
json                 |         2 | 31676, 51150
tw                   |         2 | 31678, 51141
role                 |         2 | 31758, 33042
sc                   |         2 | 31875, 48198
cell                 |         2 | 31941, 46978
clear                |         2 | 32835, 64887
array                |         2 | 32988, 49740
operational          |         2 | 33030, 54512
bottom               |         2 | 33197, 39165
human                |         2 | 33345, 40063
hard                 |         2 | 33441, 44304
upon                 |         2 | 33690, 57383
picture              |         2 | 33913, 48714
code                 |         2 | 34032, 57103
government           |         2 | 34060, 37367
description          |         2 | 34117, 42849
life                 |         2 | 34207, 50338
annual               |         2 | 34569, 53174
information          |         2 | 34687, 35782
groupname            |         2 | 34942, 59061
million              |         2 | 35373, 59271
why                  |         2 | 35426, 49772
github               |         2 | 35457, 62658
infty                |         2 | 35791, 46267
respect              |         2 | 35817, 40310
due                  |         2 | 36283, 51614
fact                 |         2 | 36296, 54311
want                 |         2 | 36897, 62304
saw                  |         2 | 36975, 60187
eq                   |         2 | 37325, 63671
os                   |         2 | 37446, 46174
br                   |         2 | 37836, 64811
percent              |         2 | 38588, 61465
least                |         2 | 38680, 54142
max                  |         2 | 38755, 50328
cup                  |         2 | 38938, 48111
actually             |         2 | 39181, 43822
long                 |         2 | 39478, 61349
means                |         2 | 39547, 44967
throw                |         2 | 40183, 44312
ad                   |         2 | 40301, 40620
ma                   |         2 | 40409, 44034
general              |         2 | 40557, 51760
z                    |         2 | 40861, 45397
ve                   |         2 | 40933, 65038
bar                  |         2 | 41437, 63552
last                 |         2 | 41806, 60689
quality              |         2 | 41863, 52801
struct               |         2 | 42650, 45829
pressure             |         2 | 42791, 63803
ang                  |         2 | 42949, 50070
factory              |         2 | 43630, 59931
serialize            |         2 | 43715, 59421
blood                |         2 | 43786, 55631
inc                  |         2 | 43919, 47823
template             |         2 | 44048, 64360
gl                   |         2 | 44422, 55151
parent               |         2 | 45695, 53040
used                 |         2 | 46183, 55365
ap                   |         2 | 46224, 56650
contrast             |         2 | 46443, 55377
go                   |         2 | 47781, 54487
although             |         2 | 47809, 48553
border               |         2 | 48037, 63416
links                |         2 | 48121, 57350
jose                 |         2 | 48661, 49191
error                |         2 | 48759, 62391
dm                   |         2 | 48885, 60879
min                  |         2 | 49011, 65438
given                |         2 | 49389, 51178
again                |         2 | 49813, 63090
few                  |         2 | 52241, 61020
access               |         2 | 52458, 53660
unique               |         2 | 52637, 56237
ii                   |         2 | 53048, 60748
sense                |         2 | 53154, 55077
ry                   |         2 | 53349, 63447
pol                  |         2 | 53674, 54167
warranties           |         2 | 53987, 55434
vol                  |         2 | 54037, 62840
util                 |         2 | 54465, 62347
menu                 |         2 | 54994, 62253
real                 |         2 | 55043, 62994
method               |         2 | 55198, 61687
j                    |         2 | 56085, 58232
quad                 |         2 | 56299, 60392
sum                  |         2 | 56525, 65179
addition             |         2 | 56803, 59369
ce                   |         2 | 57692, 60707
input                |         2 | 58551, 64815
passive              |         2 | 61619, 62774
line                 |         2 | 62940, 64441
mind                 |         2 | 64934, 65042
